0.48      0.393      0.386      0.164
0.595       0.58        0.6      0.288
0.664       0.57      0.604      0.293
0.581      0.639      0.614      0.304
0.612      0.558      0.598      0.296
0.642      0.578      0.598      0.297
0.626      0.582      0.601      0.294
0.645      0.597      0.622       0.31
0.627       0.57      0.595      0.294
0.578      0.608      0.581      0.291
0.613      0.576      0.591      0.296
0.424      0.444      0.405      0.184
0.712      0.562      0.612        0.3
0.635      0.576      0.586      0.282
0.639      0.653      0.635      0.286
0.637      0.632       0.62      0.295
0.588      0.616      0.627      0.306
0.776      0.588      0.634      0.303
0.646      0.613      0.616      0.292
0.564      0.618      0.603      0.283
0.578       0.65      0.627      0.292
0.613      0.583      0.588      0.283